pushplus_token: 8cdf892fc9d04359a2b0d12808a73a64
refresh_token: a2d5f6c2d78844f98d09a58b17ec9f60
bilibili_cookie: 123456abc ## B站cookie
kk_cookie: 123456abc ##夸克网盘cookie
__jdv=76161171|direct|-|none|-|1718252157978; __jdu=1718252157974497782959; areaId=15; ipLoc-djd=15-1213-0-0; o2State={"webp":true,"avif":false,"lastvisit":1718252174670}; shshshfpa=46789980-4abd-a6cb-d533-61475e802c88-1718252187; shshshfpx=46789980-4abd-a6cb-d533-61475e802c88-1718252187; 3AB9D23F7A4B3CSS=jdd03W4F722QDCK5V2P5EN66VRDMAPJPWLFYNIKGOVTEYK62E4HLVXGIOHEBI4LPNBGRZNDWYELFZQ6LEZVRNXIXEOJ45ZEAAAAMQCBSUE5AAAAAAC6ADHRWBZ6LM2UX; 3AB9D23F7A4B3C9B=W4F722QDCK5V2P5EN66VRDMAPJPWLFYNIKGOVTEYK62E4HLVXGIOHEBI4LPNBGRZNDWYELFZQ6LEZVRNXIXEOJ45ZE; TrackID=1CPrMuQKZrP3_zHtSaIfUawildmL9JibGQrb6szNxyGGAhO4EIAhzDCcpQQvI3wL9Cs78AT1ZiioNaoK25Fx5QQ0aXLBMbJODemzyQDlaAe6SNIB2T4hvTI0bWh-tG41k; thor=6A778A749ECB15D4B86EE887D3EA480E7A6D6FB8882DA730773EF32F53EC76EACFA80F3FE520D020A5D65F113FA577F24DC2FA60ED7310E88CE6F37AC921E1C8FE5288E5D421DB198C3DB1100B5033E27D73498D4920EE977E656C8E5E81D8258A5E4318055C4D1749D20F6DD3053DBF68C5E99021BC4773866B70A5A752D172CAA011E69FD00FE55459DCC1424E89563CE9575D433A4C07FD77F9BC4FCD5DC9; flash=2_-2zpyKbwqokYzba76TjDuYdetLQ0ZJ9iqYzLUPJ25XmwxQHk8Q8WWO99zAyPlnI7tyQtYPfVU5BbxqYw6JLDcBNXcK-WHykZZ4fyJ7EjhvgTvL94b20JQrr3Fnyoc_eB7tdiHOWI0VDMihjJuhLO9z5LlnN_1wVh2anHryGmgJe*; pinId=7KwM1neDE-DqR73Co9-hQw; pin=jd_SnKrJSROCijA; unick=kxzo44y653nqw6; ceshi3.com=000; _tp=Qz3iYK7oIFOyj6ljY2g2OQ==; _pst=jd_SnKrJSROCijA; __jda=76161171.1718252157974497782959.1718252158.1718252158.1718261998.2; __jdc=76161171; shshshfpb=BApXcI7dvE_VAjjeQuPpIf2f6CDDlRp1SBlpkJqho9xJ1MiZJd4C2: 123456abc ##京东cookie
